10.0017 -1 -84.2256 -1.5 -56.1504 1.58054
9.98368 -1.5 -55.964 -2 -41.973 1.57542
9.99952 -2 -42.0964 -2.5 -33.6771 1.57984
10.0088 -2.5 -33.7352 -3 -28.1126 1.58238
9.99261 -3 -28.0278 -3.5 -24.0239 1.57806
10.0039 -3.5 -24.075 -4 -21.0656 1.58099
10.0009 -4 -21.0535 -4.5 -18.7142 1.58023
10.0002 -4.5 -18.7117 -5 -16.8405 1.58006
9.9988 -5 -16.8361 -5.5 -15.3055 1.57974
9.9991 -5.5 -15.3064 -6 -14.0309 1.57981
10.0001 -6 -14.0337 -6.5 -12.9542 1.58003
9.99984 -6.5 -12.9534 -7 -12.0282 1.57997
10.0004 -7 -12.0294 -7.5 -11.2275 1.58007
9.99994 -7.5 -11.2265 -8 -10.5249 1.57999
10 -8 -10.5251 -8.5 -9.90597 1.58001
9.99972 -8.5 -9.90533 -8.99999 -9.35504 1.57995
10.0004 -9 -9.35628 -8.86383 -9.50001 1.58006
9.99958 -8.86241 -9.5 -8.41929 -9.99999 1.57994
10.0001 -8.4202 -10 -8.01924 -10.5 1.58002
10.0001 -8.01925 -10.5 -7.65474 -11 1.58002
10.0002 -7.65485 -11 -7.32203 -11.5 1.58003
9.99945 -7.3209 -11.5 -7.01587 -12 1.57993
9.99983 -7.01642 -12 -6.73576 -12.5 1.57998
10.0002 -6.73628 -12.5 -6.47719 -13 1.58002
9.99951 -6.47627 -13 -6.23641 -13.5 1.57995
10.0009 -6.23824 -13.5 -6.01545 -14 1.58009
10.0003 -6.01469 -14 -5.80728 -14.5 1.58003
10.0001 -5.80697 -14.5 -5.6134 -15 1.58001
9.99515 -5.60767 -15 -5.42678 -15.5 1.57957
9.99846 -5.43053 -15.5 -5.26083 -16 1.57985
10.0035 -5.26637 -16 -5.10678 -16.5 1.58026
9.99863 -5.10158 -16.5 -4.95153 -17 1.57988
10.0052 -4.95832 -17 -4.81665 -17.5 1.58037
9.99167 -4.80302 -17.5 -4.6696 -18 1.5794
10.0081 -4.68574 -18 -4.5591 -18.5 1.58053
9.98473 -4.53671 -18.5 -4.41732 -19 1.57899
10.0167 -4.4472 -19 -4.33317 -19.5 1.58101
9.99533 -4.31368 -19.5 -4.20584 -20 1.57972
9.98894 -4.20015 -20 -4.09771 -20.5 1.57935
10.001 -4.10823 -20.5 -4.01042 -21 1.58002
10.0091 -4.01735 -21 -3.92392 -21.5 1.58046
10.0114 -3.92577 -21.5 -3.83654 -22 1.58057
10.0081 -3.83385 -22 -3.74865 -22.5 1.58041
9.9627 -3.71252 -22.5 -3.63181 -23 1.57824
10.0214 -3.67759 -23 -3.59935 -23.5 1.58095
10.0044 -3.58637 -23.5 -3.51165 -24 1.58018
10.0243 -3.52659 -24 -3.45462 -24.5 1.58105
9.99588 -3.43368 -24.5 -3.36501 -25 1.57987
9.96371 -3.34191 -25 -3.27638 -25.5 1.57857
9.97412 -3.28366 -25.5 -3.22051 -26 1.57898
10.0423 -3.26789 -26 -3.20623 -26.5 1.58154
9.99834 -3.17622 -26.5 -3.1174 -27 1.57994
10.0143 -3.12815 -27 -3.07127 -27.5 1.58049
10.0289 -3.08087 -27.5 -3.02586 -28 1.58099
9.97514 -2.99108 -28 -2.93861 -28.5 1.57923
9.99231 -2.94946 -28.5 -2.89861 -29 1.57978
9.93415 -2.86254 -29 -2.81402 -29.5 1.57797
10.0302 -2.87279 -29.5 -2.82491 -30 1.58087
10.058 -2.84179 -30 -2.79521 -30.5 1.58168
9.99499 -2.75767 -30.5 -2.71319 -31 1.57989
10.0261 -2.73134 -31 -2.68798 -31.5 1.58076
9.96801 -2.65454 -31.5 -2.61306 -32 1.57921
10 -2.63125 -32 -2.59077 -32.5 1.58002
10.049 -2.61815 -32.5 -2.57848 -33 1.58127
9.99075 -2.54647 -33 -2.50846 -33.5 1.57981
9.92557 -2.47316 -33.5 -2.43679 -34 1.57829
9.98521 -2.46858 -34 -2.4328 -34.5 1.57965
10.0617 -2.47327 -34.5 -2.43794 -35 1.58138
9.86693 -2.3369 -35 -2.30399 -35.5 1.57715
10.0963 -2.42138 -35.5 -2.38775 -36 1.58206
10.054 -2.36634 -36 -2.33392 -36.5 1.58111
9.84796 -2.23148 -36.5 -2.20133 -37 1.57699
9.95998 -2.25605 -37 -2.22597 -37.5 1.57916
10.0972 -2.29285 -37.5 -2.26268 -38 1.58183
10.0708 -2.24986 -38 -2.22064 -38.5 1.58133
9.85383 -2.1184 -38.5 -2.09124 -39 1.57732
10.0193 -2.16787 -39 -2.14043 -39.5 1.58035
10.009 -2.13565 -39.5 -2.10895 -40 1.58017
10.2149 -2.20438 -40 -2.17717 -40.5 1.58363
9.99661 -2.07739 -40.5 -2.05206 -41 1.58002
9.77006 -1.9525 -41 -1.92898 -41.5 1.57634
10.018 -2.03692 -41.5 -2.01267 -42 1.58023
10.0479 -2.02584 -42 -2.00201 -42.5 1.58066
9.82151 -1.90506 -42.5 -1.88291 -43 1.57733
10.1376 -2.01734 -43 -1.99415 -43.5 1.58191
10.1997 -2.02057 -43.5 -1.99761 -44 1.58287
9.66115 -1.77555 -44 -1.7556 -44.5 1.57524
10.3675 -2.04601 -44.5 -2.02328 -45 1.58519
9.83089 -1.80258 -45 -1.78277 -45.5 1.5779
9.93684 -1.82483 -45.5 -1.80499 -46 1.5793
10.0621 -1.85506 -46 -1.83511 -46.5 1.58085
9.83092 -1.74507 -46.5 -1.72651 -47 1.57776
9.98526 -1.78569 -47 -1.76689 -47.5 1.57979
10.1611 -1.83538 -47.5 -1.81626 -48 1.58191
9.93548 -1.72971 -48 -1.71188 -48.5 1.57919
10.1531 -1.79459 -48.5 -1.77628 -49 1.58172
9.95886 -1.70281 -49 -1.68561 -49.5 1.57961
10.2044 -1.77761 -49.5 -1.75984 -50 1.58229
10.0184 -1.69093 -50 -1.67418 -50.5 1.58018
9.8129 -1.60045 -50.5 -1.58476 -51 1.5779
