0.035 10  -45  -1  -1.5  1.58  1.82  1.79  -0.027569  -0.0286364  -0.0244153  -0.0258696  -0.0273747  -0.0286364  -0.0241529  -0.0258696 -0.0273996 -0.0286364 -0.0241864 -0.0258696
0.035 10  -45  -1.5  -2  1.58  1.82  1.79  -0.0244153  -0.0258696  -0.0215643  -0.0233333  -0.0241529  -0.0258696  -0.0212475  -0.0233333 -0.0241864 -0.0258696 -0.0212879 -0.0233333
0.035 10  -45  -2  -2.5  1.58  1.82  1.79  -0.0215643  -0.0233333  -0.0189744  -0.021  -0.0212475  -0.0233333  -0.0186142  -0.021 -0.0212879 -0.0233333 -0.0186601 -0.021
0.035 10  -45  -2.5  -3  1.58  1.82  1.79  -0.0189744  -0.021  -0.0166112  -0.0188462  -0.0186142  -0.021  -0.0162165  -0.0188462 -0.0186601 -0.021 -0.0162667 -0.0188462
0.035 10  -45  -3  -3.5  1.58  1.82  1.79  -0.0166112  -0.0188462  -0.0144463  -0.0168518  -0.0162165  -0.0188462  -0.014024  -0.0168518 -0.0162667 -0.0188462 -0.0140777 -0.0168518
0.035 10  -45  -3.5  -4  1.58  1.82  1.79  -0.0144463  -0.0168518  -0.0124557  -0.015  -0.014024  -0.0168518  -0.0120115  -0.015 -0.0140777 -0.0168518 -0.012068 -0.015
0.035 10  -45  -4  -4.5  1.58  1.82  1.79  -0.0124557  -0.015  -0.0106192  -0.0132759  -0.0120115  -0.015  -0.0101577  -0.0132759 -0.012068 -0.015 -0.0102164 -0.0132759
0.035 10  -45  -4.5  -5  1.58  1.82  1.79  -0.0106192  -0.0132759  -0.00891952  -0.0116667  -0.0101577  -0.0132759  -0.00844461  -0.0116667 -0.0102164 -0.0132759 -0.00850492 -0.0116667
0.035 10  -45  -5  -5.5  1.58  1.82  1.79  -0.00891952  -0.0116667  -0.00734195  -0.0101613  -0.00844461  -0.0116667  -0.00685672  -0.0101613 -0.00850492 -0.0116667 -0.00691831 -0.0101613
0.035 10  -45  -5.5  -6  1.58  1.82  1.79  -0.00734195  -0.0101613  -0.00587379  -0.00875  -0.00685672  -0.0101613  -0.00538082  -0.00875 -0.00691831 -0.0101613 -0.00544335 -0.00875
0.035 10  -45  -6  -6.5  1.58  1.82  1.79  -0.00587379  -0.00875  -0.00450402  -0.00742424  -0.00538082  -0.00875  -0.00400545  -0.00742424 -0.00544335 -0.00875 -0.00406866 -0.00742424
0.035 10  -45  -6.5  -7  1.58  1.82  1.79  -0.00450402  -0.00742424  -0.00322309  -0.00617647  -0.00400545  -0.00742424  -0.00272068  -0.00617647 -0.00406866 -0.00742424 -0.00278435 -0.00617647
0.035 10  -45  -7  -7.5  1.58  1.82  1.79  -0.00322309  -0.00617647  -0.00202261  -0.005  -0.00272068  -0.00617647  -0.00151786  -0.005 -0.00278435 -0.00617647 -0.00158179 -0.005
0.035 10  -45  -7.5  -8  1.58  1.82  1.79  -0.00202261  -0.005  -0.000895249  -0.00388889  -0.00151786  -0.005  -0.000389369  -0.00388889 -0.00158179 -0.005 -0.000453423 -0.00388889
0.035 10  -45  -8  -8.5  1.58  1.82  1.79  -0.000895249  -0.00388889  0.000165485  -0.00283784  -0.000389369  -0.00388889  0.000671464  -0.00283784 -0.000453423 -0.00388889 0.000607421 -0.00283784
0.035 10  -45  -8.5  -9  1.58  1.82  1.79  0.000165485  -0.00283784  0.00116533  -0.0018421  0.000671464  -0.00283784  0.00167055  -0.0018421 0.000607421 -0.00283784 0.00160662 -0.0018421
0.035 10  -45  -9  -9.5  1.58  1.82  1.79  0.00116533  -0.0018421  0.00210938  -0.000897435  0.00167055  -0.0018421  0.00261312  -0.000897435 0.00160662 -0.0018421 0.00254941 -0.000897435
0.035 10  -45  -9.5  -10  1.58  1.82  1.79  0.00210938  -0.000897435  0.00300217  5.90056e-10  0.00261312  -0.000897435  0.00350385  5.90056e-10 0.00254941 -0.000897435 0.00344042 5.90056e-10
0.035 10  -45  -10  -10.5  1.58  1.82  1.79  0.00300217  5.90056e-10  0.00384778  0.000853659  0.00350385  5.90056e-10  0.0043469  0.000853659 0.00344042 5.90056e-10 0.00428381 0.000853659
0.035 10  -45  -10.5  -11  1.58  1.82  1.79  0.00384778  0.000853659  0.00464985  0.00166667  0.0043469  0.000853659  0.00514599  0.00166667 0.00428381 0.000853659 0.00508329 0.00166667
0.035 10  -45  -11  -11.5  1.58  1.82  1.79  0.00464985  0.00166667  0.00541165  0.00244186  0.00514599  0.00166667  0.00590447  0.00244186 0.00508329 0.00166667 0.00584221 0.00244186
0.035 10  -45  -11.5  -12  1.58  1.82  1.79  0.00541165  0.00244186  0.00613614  0.00318182  0.00590447  0.00244186  0.00662537  0.00318182 0.00584221 0.00244186 0.00656358 0.00318182
0.035 10  -45  -12  -12.5  1.58  1.82  1.79  0.00613614  0.00318182  0.006826  0.00388889  0.00662537  0.00318182  0.00731141  0.00388889 0.00656358 0.00318182 0.00725012 0.00388889
0.035 10  -45  -12.5  -13  1.58  1.82  1.79  0.006826  0.00388889  0.00748366  0.00456522  0.00731141  0.00388889  0.00796506  0.00456522 0.00725012 0.00388889 0.00790429 0.00456522
0.035 10  -45  -13  -13.5  1.58  1.82  1.79  0.00748366  0.00456522  0.00811131  0.00521277  0.00796506  0.00456522  0.00858856  0.00521277 0.00790429 0.00456522 0.00852833 0.00521277
0.035 10  -45  -13.5  -14  1.58  1.82  1.79  0.00811131  0.00521277  0.00871097  0.00583333  0.00858856  0.00521277  0.00918395  0.00583333 0.00852833 0.00521277 0.00912427 0.00583333
0.035 10  -45  -14  -14.5  1.58  1.82  1.79  0.00871097  0.00583333  0.00928447  0.00642857  0.00918395  0.00583333  0.00975309  0.00642857 0.00912427 0.00583333 0.00969397 0.00642857
0.035 10  -45  -14.5  -15  1.58  1.82  1.79  0.00928447  0.00642857  0.00983348  0.007  0.00975309  0.00642857  0.0102977  0.007 0.00969397 0.00642857 0.0102391 0.007
0.035 10  -45  -15  -15.5  1.58  1.82  1.79  0.00983348  0.007  0.0103595  0.00754902  0.0102977  0.007  0.0108193  0.00754902 0.0102391 0.007 0.0107613 0.00754902
0.035 10  -45  -15.5  -16  1.58  1.82  1.79  0.0103595  0.00754902  0.010864  0.00807692  0.0108193  0.00754902  0.0113193  0.00807692 0.0107613 0.00754902 0.0112619 0.00807692
0.035 10  -45  -16  -16.5  1.58  1.82  1.79  0.010864  0.00807692  0.0113483  0.00858491  0.0113193  0.00807692  0.011799  0.00858491 0.0112619 0.00807692 0.0117422 0.00858491
0.035 10  -45  -16.5  -17  1.58  1.82  1.79  0.0113483  0.00858491  0.0118135  0.00907407  0.011799  0.00858491  0.0122597  0.00907407 0.0117422 0.00858491 0.0122035 0.00907407
0.035 10  -45  -17  -17.5  1.58  1.82  1.79  0.0118135  0.00907407  0.0122608  0.00954545  0.0122597  0.00907407  0.0127025  0.00954545 0.0122035 0.00907407 0.0126468 0.00954545
0.035 10  -45  -17.5  -18  1.58  1.82  1.79  0.0122608  0.00954545  0.0126911  0.01  0.0127025  0.00954545  0.0131283  0.01 0.0126468 0.00954545 0.0130733 0.01
0.035 10  -45  -18  -18.5  1.58  1.82  1.79  0.0126911  0.01  0.0131055  0.0104386  0.0131283  0.01  0.0135382  0.0104386 0.0130733 0.01 0.0134837 0.0104386
0.035 10  -45  -18.5  -19  1.58  1.82  1.79  0.0131055  0.0104386  0.0135047  0.0108621  0.0135382  0.0104386  0.013933  0.0108621 0.0134837 0.0104386 0.0138791 0.0108621
0.035 10  -45  -19  -19.5  1.58  1.82  1.79  0.0135047  0.0108621  0.0138897  0.0112712  0.013933  0.0108621  0.0143136  0.0112712 0.0138791 0.0108621 0.0142602 0.0112712
0.035 10  -45  -19.5  -20  1.58  1.82  1.79  0.0138897  0.0112712  0.0142611  0.0116667  0.0143136  0.0112712  0.0146806  0.0116667 0.0142602 0.0112712 0.0146278 0.0116667
0.035 10  -45  -20  -20.5  1.58  1.82  1.79  0.0142611  0.0116667  0.0146196  0.0120492  0.0146806  0.0116667  0.0150349  0.0120492 0.0146278 0.0116667 0.0149826 0.0120492
0.035 10  -45  -20.5  -21  1.58  1.82  1.79  0.0146196  0.0120492  0.014966  0.0124194  0.0150349  0.0120492  0.015377  0.0124194 0.0149826 0.0120492 0.0153252 0.0124194
0.035 10  -45  -21  -21.5  1.58  1.82  1.79  0.014966  0.0124194  0.0153008  0.0127778  0.015377  0.0124194  0.0157075  0.0127778 0.0153252 0.0124194 0.0156563 0.0127778
0.035 10  -45  -21.5  -22  1.58  1.82  1.79  0.0153008  0.0127778  0.0156246  0.013125  0.0157075  0.0127778  0.0160272  0.013125 0.0156563 0.0127778 0.0159765 0.013125
0.035 10  -45  -22  -22.5  1.58  1.82  1.79  0.0156246  0.013125  0.0159379  0.0134615  0.0160272  0.013125  0.0163364  0.0134615 0.0159765 0.013125 0.0162862 0.0134615
0.035 10  -45  -22.5  -23  1.58  1.82  1.79  0.0159379  0.0134615  0.0162412  0.0137879  0.0163364  0.0134615  0.0166357  0.0137879 0.0162862 0.0134615 0.016586 0.0137879
0.035 10  -45  -23  -23.5  1.58  1.82  1.79  0.0162412  0.0137879  0.0165351  0.0141045  0.0166357  0.0137879  0.0169255  0.0141045 0.016586 0.0137879 0.0168764 0.0141045
0.035 10  -45  -23.5  -24  1.58  1.82  1.79  0.0165351  0.0141045  0.0168199  0.0144118  0.0169255  0.0141045  0.0172063  0.0144118 0.0168764 0.0141045 0.0171577 0.0144118
0.035 10  -45  -24  -24.5  1.58  1.82  1.79  0.0168199  0.0144118  0.017096  0.0147101  0.0172063  0.0144118  0.0174786  0.0147101 0.0171577 0.0144118 0.0174304 0.0147101
0.035 10  -45  -24.5  -25  1.58  1.82  1.79  0.017096  0.0147101  0.0173639  0.015  0.0174786  0.0147101  0.0177426  0.015 0.0174304 0.0147101 0.017695 0.015
0.035 10  -45  -25  -25.5  1.58  1.82  1.79  0.0173639  0.015  0.0176238  0.0152817  0.0177426  0.015  0.0179988  0.0152817 0.017695 0.015 0.0179516 0.0152817
0.035 10  -45  -25.5  -26  1.58  1.82  1.79  0.0176238  0.0152817  0.0178762  0.0155556  0.0179988  0.0152817  0.0182475  0.0155556 0.0179516 0.0152817 0.0182008 0.0155556
0.035 10  -45  -26  -26.5  1.58  1.82  1.79  0.0178762  0.0155556  0.0181214  0.0158219  0.0182475  0.0155556  0.018489  0.0158219 0.0182008 0.0155556 0.0184428 0.0158219
0.035 10  -45  -26.5  -27  1.58  1.82  1.79  0.0181214  0.0158219  0.0183597  0.0160811  0.018489  0.0158219  0.0187237  0.0160811 0.0184428 0.0158219 0.0186779 0.0160811
0.035 10  -45  -27  -27.5  1.58  1.82  1.79  0.0183597  0.0160811  0.0185913  0.0163333  0.0187237  0.0160811  0.0189518  0.0163333 0.0186779 0.0160811 0.0189065 0.0163333
0.035 10  -45  -27.5  -28  1.58  1.82  1.79  0.0185913  0.0163333  0.0188166  0.0165789  0.0189518  0.0163333  0.0191736  0.0165789 0.0189065 0.0163333 0.0191287 0.0165789
0.035 10  -45  -28  -28.5  1.58  1.82  1.79  0.0188166  0.0165789  0.0190358  0.0168182  0.0191736  0.0165789  0.0193893  0.0168182 0.0191287 0.0165789 0.0193449 0.0168182
0.035 10  -45  -28.5  -29  1.58  1.82  1.79  0.0190358  0.0168182  0.0192491  0.0170513  0.0193893  0.0168182  0.0195992  0.0170513 0.0193449 0.0168182 0.0195552 0.0170513
0.035 10  -45  -29  -29.5  1.58  1.82  1.79  0.0192491  0.0170513  0.0194567  0.0172785  0.0195992  0.0170513  0.0198036  0.0172785 0.0195552 0.0170513 0.01976 0.0172785
0.035 10  -45  -29.5  -30  1.58  1.82  1.79  0.0194567  0.0172785  0.019659  0.0175  0.0198036  0.0172785  0.0200026  0.0175 0.01976 0.0172785 0.0199594 0.0175
0.035 10  -45  -30  -30.5  1.58  1.82  1.79  0.019659  0.0175  0.0198561  0.017716  0.0200026  0.0175  0.0201965  0.017716 0.0199594 0.0175 0.0201537 0.017716
0.035 10  -45  -30.5  -31  1.58  1.82  1.79  0.0198561  0.017716  0.0200482  0.0179268  0.0201965  0.017716  0.0203854  0.0179268 0.0201537 0.017716 0.020343 0.0179268
0.035 10  -45  -31  -31.5  1.58  1.82  1.79  0.0200482  0.0179268  0.0202355  0.0181325  0.0203854  0.0179268  0.0205696  0.0181325 0.020343 0.0179268 0.0205276 0.0181325
0.035 10  -45  -31.5  -32  1.58  1.82  1.79  0.0202355  0.0181325  0.0204181  0.0183333  0.0205696  0.0181325  0.0207491  0.0183333 0.0205276 0.0181325 0.0207075 0.0183333
0.035 10  -45  -32  -32.5  1.58  1.82  1.79  0.0204181  0.0183333  0.0205963  0.0185294  0.0207491  0.0183333  0.0209243  0.0185294 0.0207075 0.0183333 0.0208831 0.0185294
0.035 10  -45  -32.5  -33  1.58  1.82  1.79  0.0205963  0.0185294  0.0207702  0.0187209  0.0209243  0.0185294  0.0210952  0.0187209 0.0208831 0.0185294 0.0210544 0.0187209
0.035 10  -45  -33  -33.5  1.58  1.82  1.79  0.0207702  0.0187209  0.0209399  0.018908  0.0210952  0.0187209  0.021262  0.018908 0.0210544 0.0187209 0.0212215 0.018908
0.035 10  -45  -33.5  -34  1.58  1.82  1.79  0.0209399  0.018908  0.0211056  0.0190909  0.021262  0.018908  0.0214248  0.0190909 0.0212215 0.018908 0.0213847 0.0190909
0.035 10  -45  -34  -34.5  1.58  1.82  1.79  0.0211056  0.0190909  0.0212675  0.0192697  0.0214248  0.0190909  0.0215839  0.0192697 0.0213847 0.0190909 0.0215441 0.0192697
0.035 10  -45  -34.5  -35  1.58  1.82  1.79  0.0212675  0.0192697  0.0214256  0.0194444  0.0215839  0.0192697  0.0217392  0.0194444 0.0215441 0.0192697 0.0216998 0.0194444
0.035 10  -45  -35  -35.5  1.58  1.82  1.79  0.0214256  0.0194444  0.0215801  0.0196154  0.0217392  0.0194444  0.021891  0.0196154 0.0216998 0.0194444 0.021852 0.0196154
0.035 10  -45  -35.5  -36  1.58  1.82  1.79  0.0215801  0.0196154  0.0217312  0.0197826  0.021891  0.0196154  0.0220394  0.0197826 0.021852 0.0196154 0.0220007 0.0197826
0.035 10  -45  -36  -36.5  1.58  1.82  1.79  0.0217312  0.0197826  0.0218789  0.0199462  0.0220394  0.0197826  0.0221844  0.0199462 0.0220007 0.0197826 0.022146 0.0199462
0.035 10  -45  -36.5  -37  1.58  1.82  1.79  0.0218789  0.0199462  0.0220233  0.0201064  0.0221844  0.0199462  0.0223262  0.0201064 0.022146 0.0199462 0.0222882 0.0201064
0.035 10  -45  -37  -37.5  1.58  1.82  1.79  0.0220233  0.0201064  0.0221646  0.0202632  0.0223262  0.0201064  0.022465  0.0202632 0.0222882 0.0201064 0.0224273 0.0202632
0.035 10  -45  -37.5  -38  1.58  1.82  1.79  0.0221646  0.0202632  0.0223029  0.0204167  0.022465  0.0202632  0.0226007  0.0204167 0.0224273 0.0202632 0.0225633 0.0204167
0.035 10  -45  -38  -38.5  1.58  1.82  1.79  0.0223029  0.0204167  0.0224382  0.020567  0.0226007  0.0204167  0.0227335  0.020567 0.0225633 0.0204167 0.0226964 0.020567
0.035 10  -45  -38.5  -39  1.58  1.82  1.79  0.0224382  0.020567  0.0225706  0.0207143  0.0227335  0.020567  0.0228635  0.0207143 0.0226964 0.020567 0.0228267 0.0207143
0.035 10  -45  -39  -39.5  1.58  1.82  1.79  0.0225706  0.0207143  0.0227003  0.0208586  0.0228635  0.0207143  0.0229908  0.0208586 0.0228267 0.0207143 0.0229543 0.0208586
0.035 10  -45  -39.5  -40  1.58  1.82  1.79  0.0227003  0.0208586  0.0228273  0.021  0.0229908  0.0208586  0.0231154  0.021 0.0229543 0.0208586 0.0230792 0.021
0.035 10  -45  -40  -40.5  1.58  1.82  1.79  0.0228273  0.021  0.0229518  0.0211386  0.0231154  0.021  0.0232375  0.0211386 0.0230792 0.021 0.0232016 0.0211386
0.035 10  -45  -40.5  -41  1.58  1.82  1.79  0.0229518  0.0211386  0.0230737  0.0212745  0.0232375  0.0211386  0.0233571  0.0212745 0.0232016 0.0211386 0.0233215 0.0212745
0.035 10  -45  -41  -41.5  1.58  1.82  1.79  0.0230737  0.0212745  0.0231931  0.0214078  0.0233571  0.0212745  0.0234742  0.0214078 0.0233215 0.0212745 0.0234389 0.0214078
0.035 10  -45  -41.5  -42  1.58  1.82  1.79  0.0231931  0.0214078  0.0233102  0.0215385  0.0234742  0.0214078  0.0235891  0.0215385 0.0234389 0.0214078 0.0235541 0.0215385
0.035 10  -45  -42  -42.5  1.58  1.82  1.79  0.0233102  0.0215385  0.023425  0.0216667  0.0235891  0.0215385  0.0237017  0.0216667 0.0235541 0.0215385 0.0236669 0.0216667
0.035 10  -45  -42.5  -43  1.58  1.82  1.79  0.023425  0.0216667  0.0235375  0.0217925  0.0237017  0.0216667  0.023812  0.0217925 0.0236669 0.0216667 0.0237776 0.0217925
0.035 10  -45  -43  -43.5  1.58  1.82  1.79  0.0235375  0.0217925  0.0236479  0.0219159  0.023812  0.0217925  0.0239203  0.0219159 0.0237776 0.0217925 0.0238861 0.0219159
0.035 10  -45  -43.5  -44  1.58  1.82  1.79  0.0236479  0.0219159  0.0237562  0.022037  0.0239203  0.0219159  0.0240264  0.022037 0.0238861 0.0219159 0.0239925 0.022037
0.035 10  -45  -44  -44.5  1.58  1.82  1.79  0.0237562  0.022037  0.0238624  0.022156  0.0240264  0.022037  0.0241306  0.022156 0.0239925 0.022037 0.0240969 0.022156
0.035 10  -45  -44.5  -45  1.58  1.82  1.79  0.0238624  0.022156  0.0239667  0.0222727  0.0241306  0.022156  0.0242328  0.0222727 0.0240969 0.022156 0.0241994 0.0222727
0.035 10  -45  -45  -45.5  1.58  1.82  1.79  0.0239667  0.0222727  0.024069  0.0223874  0.0242328  0.0222727  0.0243331  0.0223874 0.0241994 0.0222727 0.0242999 0.0223874
0.035 10  -45  -45.5  -46  1.58  1.82  1.79  0.024069  0.0223874  0.0241694  0.0225  0.0243331  0.0223874  0.0244315  0.0225 0.0242999 0.0223874 0.0243986 0.0225
0.035 10  -45  -46  -46.5  1.58  1.82  1.79  0.0241694  0.0225  0.024268  0.0226106  0.0244315  0.0225  0.0245282  0.0226106 0.0243986 0.0225 0.0244955 0.0226106
0.035 10  -45  -46.5  -47  1.58  1.82  1.79  0.024268  0.0226106  0.0243648  0.0227193  0.0245282  0.0226106  0.024623  0.0227193 0.0244955 0.0226106 0.0245907 0.0227193
0.035 10  -45  -47  -47.5  1.58  1.82  1.79  0.0243648  0.0227193  0.0244599  0.0228261  0.024623  0.0227193  0.0247162  0.0228261 0.0245907 0.0227193 0.0246841 0.0228261
0.035 10  -45  -47.5  -48  1.58  1.82  1.79  0.0244599  0.0228261  0.0245533  0.022931  0.0247162  0.0228261  0.0248078  0.022931 0.0246841 0.0228261 0.0247758 0.022931
0.035 10  -45  -48  -48.5  1.58  1.82  1.79  0.0245533  0.022931  0.0246451  0.0230342  0.0248078  0.022931  0.0248977  0.0230342 0.0247758 0.022931 0.024866 0.0230342
0.035 10  -45  -48.5  -49  1.58  1.82  1.79  0.0246451  0.0230342  0.0247353  0.0231356  0.0248977  0.0230342  0.024986  0.0231356 0.024866 0.0230342 0.0249546 0.0231356
0.035 10  -45  -49  -49.5  1.58  1.82  1.79  0.0247353  0.0231356  0.0248239  0.0232353  0.024986  0.0231356  0.0250728  0.0232353 0.0249546 0.0231356 0.0250416 0.0232353
0.035 10  -45  -49.5  -50  1.58  1.82  1.79  0.0248239  0.0232353  0.024911  0.0233333  0.0250728  0.0232353  0.0251581  0.0233333 0.0250416 0.0232353 0.0251271 0.0233333
0.035 10  -45  -50  -50.5  1.58  1.82  1.79  0.024911  0.0233333  0.0249966  0.0234297  0.0251581  0.0233333  0.025242  0.0234297 0.0251271 0.0233333 0.0252112 0.0234297
0.035 10  -45  -50.5  -51  1.58  1.82  1.79  0.0249966  0.0234297  0.0250808  0.0235246  0.025242  0.0234297  0.0253244  0.0235246 0.0252112 0.0234297 0.0252939 0.0235246
