0.035 8 -45 -10 -15 1.42009 1.39438 2.2831 0.169673 0.315 0.0897017 0.115 0.171223 0.315 0.0900836 0.115 0.128433 0.315 0.0781088 0.115
0.035 8 -45 -10 -15 1.39922 1.91165 1.69755 0.17093 0.315 0.0900116 0.115 0.143953 0.315 0.0828233 0.115 0.154314 0.315 0.0857236 0.115
0.035 8 -45 -10 -15 1.16761 1.76823 1.77777 0.185987 0.315 0.0935565 0.115 0.150764 0.315 0.0847505 0.115 0.150294 0.315 0.0846203 0.115
0.035 8 -45 -10 -15 1.27698 1.4774 2.12887 0.178611 0.315 0.0918578 0.115 0.1663 0.315 0.0888588 0.115 0.134538 0.315 0.0800197 0.115
0.035 8 -45 -10 -15 1.18239 1.5134 2.45223 0.18496 0.315 0.0933243 0.115 0.164237 0.315 0.088335 0.115 0.122225 0.315 0.0760849 0.115
0.035 8 -45 -10 -15 1.4581 1.63571 2.2173 0.167423 0.315 0.0891414 0.115 0.157534 0.315 0.0865881 0.115 0.130983 0.315 0.0789163 0.115
0.035 8 -45 -10 -15 1.0708 1.60697 1.5163 0.192953 0.315 0.0950986 0.115 0.159069 0.315 0.0869942 0.115 0.164073 0.315 0.088293 0.115
0.035 8 -45 -10 -15 1.12144 1.13723 2.30418 0.189255 0.315 0.0942874 0.115 0.188127 0.315 0.0940365 0.115 0.127633 0.315 0.0778525 0.115
0.035 8 -45 -10 -15 1.07834 1.40094 1.62979 0.192395 0.315 0.0949772 0.115 0.170825 0.315 0.0899859 0.115 0.157849 0.315 0.0866715 0.115
0.035 8 -45 -10 -15 1.0544 1.99892 1.71826 0.194177 0.315 0.0953634 0.115 0.140047 0.315 0.0816806 0.115 0.15326 0.315 0.0854369 0.115
0.035 8 -45 -10 -15 1.25647 1.83911 2.11264 0.179957 0.315 0.092173 0.115 0.147334 0.315 0.0837902 0.115 0.135207 0.315 0.0802246 0.115
0.035 8 -45 -10 -15 1.14802 1.63755 2.02429 0.187362 0.315 0.0938657 0.115 0.157437 0.315 0.0865622 0.115 0.138944 0.315 0.0813527 0.115
0.035 8 -45 -10 -15 1.24679 1.97278 1.79252 0.180597 0.315 0.0923222 0.115 0.141199 0.315 0.0820206 0.115 0.149574 0.315 0.0844197 0.115
0.035 8 -45 -10 -15 1.38568 1.52674 2.26991 0.171753 0.315 0.0902135 0.115 0.163483 0.315 0.0881419 0.115 0.128938 0.315 0.0782697 0.115
0.035 8 -45 -10 -15 1.20011 1.89153 1.78331 0.183742 0.315 0.093047 0.115 0.144878 0.315 0.0830899 0.115 0.150023 0.315 0.0845448 0.115
0.035 8 -45 -10 -15 1.17623 1.80772 2.41903 0.185387 0.315 0.093421 0.115 0.148837 0.315 0.0842135 0.115 0.123406 0.315 0.0764765 0.115
0.035 8 -45 -10 -15 1.03488 1.94933 2.026 0.195652 0.315 0.0956803 0.115 0.142245 0.315 0.0823272 0.115 0.13887 0.315 0.0813306 0.115
0.035 8 -45 -10 -15 1.04303 1.19221 2.16323 0.195034 0.315 0.0955478 0.115 0.184284 0.315 0.0931705 0.115 0.133139 0.315 0.0795884 0.115
0.035 8 -45 -10 -15 1.44512 1.34889 1.56417 0.168186 0.315 0.0893322 0.115 0.174024 0.315 0.0907652 0.115 0.161399 0.315 0.0876038 0.115
0.035 8 -45 -10 -15 1.01001 1.4577 1.5631 0.197557 0.315 0.0960859 0.115 0.167447 0.315 0.0891472 0.115 0.161458 0.315 0.0876192 0.115
0.035 8 -45 -10 -15 1.11914 1.97063 2.40221 0.189421 0.315 0.094324 0.115 0.141294 0.315 0.0820486 0.115 0.124011 0.315 0.0766759 0.115
0.035 8 -45 -10 -15 1.42546 1.26667 2.03976 0.169352 0.315 0.0896223 0.115 0.179286 0.315 0.0920161 0.115 0.138278 0.315 0.0811535 0.115
0.035 8 -45 -10 -15 1.1876 1.76025 2.01254 0.184601 0.315 0.0932426 0.115 0.151158 0.315 0.0848596 0.115 0.139453 0.315 0.0815044 0.115
0.035 8 -45 -10 -15 1.33386 1.53161 1.53928 0.174967 0.315 0.090992 0.115 0.16321 0.315 0.0880718 0.115 0.16278 0.315 0.0879612 0.115
0.035 8 -45 -10 -15 1.21882 1.93184 2.43081 0.182471 0.315 0.0927556 0.115 0.143034 0.315 0.082557 0.115 0.122985 0.315 0.0763372 0.115
0.035 8 -45 -10 -15 1.36048 1.28429 2.23853 0.173304 0.315 0.0905909 0.115 0.178136 0.315 0.0917459 0.115 0.130151 0.315 0.0786544 0.115
0.035 8 -45 -10 -15 1.31999 1.35405 2.18786 0.175844 0.315 0.0912021 0.115 0.173703 0.315 0.0906876 0.115 0.13215 0.315 0.0792812 0.115
0.035 8 -45 -10 -15 1.08299 1.4401 2.38008 0.192053 0.315 0.0949025 0.115 0.168482 0.315 0.089406 0.115 0.124815 0.315 0.0769394 0.115
0.035 8 -45 -10 -15 1.4146 1.33034 1.72897 0.170002 0.315 0.0897831 0.115 0.175189 0.315 0.0910453 0.115 0.152719 0.315 0.0852891 0.115
0.035 8 -45 -10 -15 1.44669 1.35036 2.18667 0.168094 0.315 0.0893091 0.115 0.173933 0.315 0.0907431 0.115 0.132197 0.315 0.079296 0.115
0.035 8 -45 -10 -15 1.47823 1.58864 2.1573 0.166252 0.315 0.0888465 0.115 0.16006 0.315 0.0872545 0.115 0.133378 0.315 0.0796626 0.115
0.035 8 -45 -10 -15 1.42934 1.43956 2.42397 0.169121 0.315 0.0895649 0.115 0.168514 0.315 0.0894141 0.115 0.123229 0.315 0.076418 0.115
0.035 8 -45 -10 -15 1.19922 1.81477 2.18422 0.183803 0.315 0.093061 0.115 0.148497 0.315 0.0841183 0.115 0.132295 0.315 0.0793265 0.115
0.035 8 -45 -10 -15 1.45549 1.48249 1.71582 0.167576 0.315 0.0891797 0.115 0.166006 0.315 0.0887844 0.115 0.153383 0.315 0.0854705 0.115
0.035 8 -45 -10 -15 1.47513 1.92013 1.64766 0.166432 0.315 0.088892 0.115 0.143566 0.315 0.0827113 0.115 0.156904 0.315 0.0864201 0.115
0.035 8 -45 -10 -15 1.44053 1.64108 1.93195 0.168457 0.315 0.0893997 0.115 0.157251 0.315 0.0865126 0.115 0.143029 0.315 0.0825555 0.115
0.035 8 -45 -10 -15 1.3098 1.28106 2.286 0.176493 0.315 0.0913569 0.115 0.178346 0.315 0.0917954 0.115 0.128322 0.315 0.0780734 0.115
0.035 8 -45 -10 -15 1.15373 1.44703 1.72611 0.186959 0.315 0.0937754 0.115 0.168073 0.315 0.089304 0.115 0.152864 0.315 0.0853286 0.115
0.035 8 -45 -10 -15 1.09377 1.27623 2.05644 0.191261 0.315 0.0947295 0.115 0.17866 0.315 0.0918693 0.115 0.137565 0.315 0.0809395 0.115
0.035 8 -45 -10 -15 1.20825 1.16961 2.4068 0.183187 0.315 0.0929201 0.115 0.185848 0.315 0.0935251 0.115 0.123845 0.315 0.0766213 0.115
0.035 8 -45 -10 -15 1.05159 1.12608 1.99544 0.194389 0.315 0.0954091 0.115 0.188923 0.315 0.0942137 0.115 0.1402 0.315 0.0817257 0.115
0.035 8 -45 -10 -15 1.38024 1.98475 2.435 0.172086 0.315 0.0902948 0.115 0.14067 0.315 0.0818647 0.115 0.122835 0.315 0.0762877 0.115
0.035 8 -45 -10 -15 1.34222 1.38319 2.24977 0.174441 0.315 0.0908657 0.115 0.171905 0.315 0.0902507 0.115 0.129715 0.315 0.0785163 0.115
0.035 8 -45 -10 -15 1.18433 1.29416 1.73226 0.184826 0.315 0.0932939 0.115 0.177497 0.315 0.0915951 0.115 0.152554 0.315 0.0852438 0.115
0.035 8 -45 -10 -15 1.29224 1.24441 1.65239 0.177621 0.315 0.0916243 0.115 0.180756 0.315 0.092359 0.115 0.156655 0.315 0.0863537 0.115
0.035 8 -45 -10 -15 1.36607 1.12547 2.29347 0.172957 0.315 0.0905069 0.115 0.188966 0.315 0.0942232 0.115 0.128038 0.315 0.0779825 0.115
0.035 8 -45 -10 -15 1.08205 1.74507 1.57453 0.192121 0.315 0.0949175 0.115 0.151912 0.315 0.0850676 0.115 0.16083 0.315 0.0874557 0.115
0.035 8 -45 -10 -15 1.47505 1.05253 2.02156 0.166436 0.315 0.088893 0.115 0.194318 0.315 0.0953938 0.115 0.139062 0.315 0.0813878 0.115
0.035 8 -45 -10 -15 1.08811 1.24006 2.2978 0.191676 0.315 0.0948203 0.115 0.181045 0.315 0.0924262 0.115 0.127874 0.315 0.07793 0.115
0.035 8 -45 -10 -15 1.36633 1.65656 2.46741 0.172942 0.315 0.0905031 0.115 0.156437 0.315 0.0862952 0.115 0.12169 0.315 0.0759068 0.115
0.035 8 -45 -10 -15 1.31973 1.75973 1.59348 0.175861 0.315 0.091206 0.115 0.151183 0.315 0.0848666 0.115 0.159797 0.315 0.0871856 0.115
0.035 8 -45 -10 -15 1.06745 1.52021 1.57823 0.193202 0.315 0.0951526 0.115 0.163852 0.315 0.0882364 0.115 0.160627 0.315 0.0874028 0.115
0.035 8 -45 -10 -15 1.03495 1.20466 1.96142 0.195646 0.315 0.095679 0.115 0.183432 0.315 0.0929761 0.115 0.141704 0.315 0.0821689 0.115
0.035 8 -45 -10 -15 1.40984 1.57332 2.25558 0.170288 0.315 0.0898537 0.115 0.160896 0.315 0.087473 0.115 0.12949 0.315 0.0784451 0.115
0.035 8 -45 -10 -15 1.02597 1.15781 2.49999 0.196331 0.315 0.0958253 0.115 0.186673 0.315 0.0937111 0.115 0.120556 0.315 0.0755264 0.115
0.035 8 -45 -10 -15 1.10216 1.88996 1.62547 0.190649 0.315 0.094595 0.115 0.144951 0.315 0.0831108 0.115 0.158078 0.315 0.0867325 0.115
0.035 8 -45 -10 -15 1.4989 1.05406 2.37054 0.165063 0.315 0.0885454 0.115 0.194203 0.315 0.0953691 0.115 0.125163 0.315 0.0770533 0.115
0.035 8 -45 -10 -15 1.03616 1.00416 2.42307 0.195554 0.315 0.0956593 0.115 0.19801 0.315 0.0961818 0.115 0.123261 0.315 0.0764287 0.115
0.035 8 -45 -10 -15 1.29695 1.18037 1.66313 0.177318 0.315 0.0915526 0.115 0.1851 0.315 0.093356 0.115 0.156093 0.315 0.0862033 0.115
0.035 8 -45 -10 -15 1.19585 1.91303 2.3197 0.184034 0.315 0.0931137 0.115 0.14389 0.315 0.0828051 0.115 0.127048 0.315 0.0776646 0.115
0.035 8 -45 -10 -15 1.17955 1.55249 2.07943 0.185157 0.315 0.0933689 0.115 0.162045 0.315 0.0877713 0.115 0.136593 0.315 0.080646 0.115
0.035 8 -45 -10 -15 1.22629 1.68739 1.59964 0.181968 0.315 0.0926396 0.115 0.154836 0.315 0.0858649 0.115 0.159464 0.315 0.0870981 0.115
0.035 8 -45 -10 -15 1.2654 1.75729 1.8043 0.179369 0.315 0.0920355 0.115 0.151304 0.315 0.0849 0.115 0.149003 0.315 0.08426 0.115
0.035 8 -45 -10 -15 1.49611 1.57697 2.37761 0.165222 0.315 0.0885859 0.115 0.160696 0.315 0.0874208 0.115 0.124904 0.315 0.0769688 0.115
0.035 8 -45 -10 -15 1.3739 1.62891 1.53542 0.172475 0.315 0.0903895 0.115 0.157895 0.315 0.086684 0.115 0.162996 0.315 0.0880168 0.115
0.035 8 -45 -10 -15 1.3739 1.83324 2.42538 0.172475 0.315 0.0903896 0.115 0.147613 0.315 0.0838692 0.115 0.123179 0.315 0.0764014 0.115
0.035 8 -45 -10 -15 1.43664 1.83104 2.47943 0.168688 0.315 0.0894572 0.115 0.147718 0.315 0.0838988 0.115 0.12127 0.315 0.0757661 0.115
0.035 8 -45 -10 -15 1.37191 1.90337 2.4836 0.172598 0.315 0.0904195 0.115 0.144332 0.315 0.0829329 0.115 0.121125 0.315 0.0757175 0.115
0.035 8 -45 -10 -15 1.33344 1.49726 1.66397 0.174993 0.315 0.0909984 0.115 0.165157 0.315 0.0885693 0.115 0.15605 0.315 0.0861916 0.115
0.035 8 -45 -10 -15 1.41501 1.88895 1.57699 0.169978 0.315 0.0897771 0.115 0.144997 0.315 0.0831242 0.115 0.160695 0.315 0.0874205 0.115
0.035 8 -45 -10 -15 1.32485 1.24804 2.12948 0.175536 0.315 0.0911283 0.115 0.180514 0.315 0.0923029 0.115 0.134513 0.315 0.080012 0.115
0.035 8 -45 -10 -15 1.11457 1.70062 1.81687 0.18975 0.315 0.0943969 0.115 0.154157 0.315 0.0856811 0.115 0.148396 0.315 0.0840899 0.115
0.035 8 -45 -10 -15 1.16439 1.23143 1.57416 0.186212 0.315 0.0936073 0.115 0.181622 0.315 0.0925599 0.115 0.16085 0.315 0.087461 0.115
0.035 8 -45 -10 -15 1.31654 1.22366 2.15113 0.176064 0.315 0.0912545 0.115 0.182145 0.315 0.0926804 0.115 0.133629 0.315 0.0797399 0.115
0.035 8 -45 -10 -15 1.25534 1.97147 1.78004 0.180031 0.315 0.0921903 0.115 0.141257 0.315 0.0820377 0.115 0.150183 0.315 0.0845894 0.115
0.035 8 -45 -10 -15 1.27305 1.71927 1.61328 0.178868 0.315 0.0919181 0.115 0.153209 0.315 0.0854229 0.115 0.15873 0.315 0.0869048 0.115
0.035 8 -45 -10 -15 1.23574 1.59254 2.44432 0.181334 0.315 0.0924931 0.115 0.159848 0.315 0.087199 0.115 0.122504 0.315 0.076178 0.115
0.035 8 -45 -10 -15 1.22546 1.33635 2.34768 0.182023 0.315 0.0926524 0.115 0.17481 0.315 0.0909544 0.115 0.126005 0.315 0.0773273 0.115
0.035 8 -45 -10 -15 1.21726 1.00323 1.84494 0.182577 0.315 0.0927799 0.115 0.198082 0.315 0.096197 0.115 0.147057 0.315 0.0837119 0.115
0.035 8 -45 -10 -15 1.29924 1.83324 1.73389 0.17717 0.315 0.0915176 0.115 0.147613 0.315 0.0838691 0.115 0.152472 0.315 0.0852213 0.115
0.035 8 -45 -10 -15 1.33774 1.48295 1.98194 0.174723 0.315 0.0909334 0.115 0.165979 0.315 0.0887777 0.115 0.140794 0.315 0.0819013 0.115
0.035 8 -45 -10 -15 1.15248 1.71209 1.68256 0.187048 0.315 0.0937952 0.115 0.153573 0.315 0.0855222 0.115 0.155085 0.315 0.0859321 0.115
0.035 8 -45 -10 -15 1.31091 1.04086 1.91398 0.176422 0.315 0.0913399 0.115 0.195198 0.315 0.095583 0.115 0.143846 0.315 0.0827924 0.115
0.035 8 -45 -10 -15 1.34799 1.67394 2.13764 0.174081 0.315 0.0907787 0.115 0.155531 0.315 0.0860523 0.115 0.134179 0.315 0.0799093 0.115
0.035 8 -45 -10 -15 1.17356 1.18462 2.10911 0.185573 0.315 0.093463 0.115 0.184806 0.315 0.0932894 0.115 0.135353 0.315 0.0802693 0.115
0.035 8 -45 -10 -15 1.31358 1.73073 1.82837 0.176252 0.315 0.0912994 0.115 0.152631 0.315 0.0852649 0.115 0.147845 0.315 0.0839347 0.115
0.035 8 -45 -10 -15 1.37022 1.20221 2.42091 0.172702 0.315 0.0904447 0.115 0.183599 0.315 0.0930142 0.115 0.123338 0.315 0.0764541 0.115
0.035 8 -45 -10 -15 1.34238 1.65313 1.75727 0.174432 0.315 0.0908634 0.115 0.156616 0.315 0.0863434 0.115 0.151306 0.315 0.0849004 0.115
0.035 8 -45 -10 -15 1.26622 1.08764 1.7605 0.179315 0.315 0.092023 0.115 0.19171 0.315 0.0948277 0.115 0.151146 0.315 0.0848562 0.115
0.035 8 -45 -10 -15 1.43869 1.68612 1.59374 0.168566 0.315 0.0894269 0.115 0.154901 0.315 0.0858824 0.115 0.159783 0.315 0.0871819 0.115
0.035 8 -45 -10 -15 1.05564 1.3616 2.07669 0.194085 0.315 0.0953435 0.115 0.173234 0.315 0.090574 0.115 0.136708 0.315 0.0806809 0.115
0.035 8 -45 -10 -15 1.29661 1.66656 1.78878 0.17734 0.315 0.0915578 0.115 0.155915 0.315 0.0861554 0.115 0.149756 0.315 0.0844705 0.115
0.035 8 -45 -10 -15 1.38788 1.28838 1.82964 0.171619 0.315 0.0901806 0.115 0.177871 0.315 0.0916834 0.115 0.147785 0.315 0.0839176 0.115
0.035 8 -45 -10 -15 1.09488 1.98436 1.50358 0.19118 0.315 0.0947117 0.115 0.140687 0.315 0.0818697 0.115 0.164796 0.315 0.0884774 0.115
0.035 8 -45 -10 -15 1.4137 1.33148 1.6882 0.170056 0.315 0.0897965 0.115 0.175117 0.315 0.091028 0.115 0.154794 0.315 0.0858535 0.115
0.035 8 -45 -10 -15 1.21825 1.95864 2.41893 0.18251 0.315 0.0927644 0.115 0.141829 0.315 0.0822053 0.115 0.123409 0.315 0.0764776 0.115
0.035 8 -45 -10 -15 1.38244 1.69908 1.62114 0.171951 0.315 0.0902619 0.115 0.154236 0.315 0.0857025 0.115 0.158309 0.315 0.0867936 0.115
0.035 8 -45 -10 -15 1.34289 1.38383 2.27427 0.174399 0.315 0.0908556 0.115 0.171866 0.315 0.0902411 0.115 0.128771 0.315 0.0782164 0.115
0.035 8 -45 -10 -15 1.47153 1.91627 2.36192 0.16664 0.315 0.0889446 0.115 0.143741 0.315 0.0827622 0.115 0.12548 0.315 0.0771565 0.115
0.035 8 -45 -10 -15 1.10177 1.79366 2.04804 0.190677 0.315 0.0946012 0.115 0.149519 0.315 0.0844042 0.115 0.137923 0.315 0.0810472 0.115
