0.035 8 -10 -15 1.42009 1.39438 45 -0.169673 -0.315 -0.0897017 -0.115
0.035 8 -10 -15 1.39922 1.91165 45 -0.17093 -0.315 -0.0900116 -0.115
0.035 8 -10 -15 1.16761 1.76823 45 -0.185987 -0.315 -0.0935565 -0.115
0.035 8 -10 -15 1.27698 1.4774 45 -0.178611 -0.315 -0.0918578 -0.115
0.035 8 -10 -15 1.18239 1.5134 45 -0.18496 -0.315 -0.0933243 -0.115
0.035 8 -10 -15 1.4581 1.63571 45 -0.167423 -0.315 -0.0891414 -0.115
0.035 8 -10 -15 1.0708 1.60697 45 -0.192953 -0.315 -0.0950986 -0.115
0.035 8 -10 -15 1.12144 1.13723 45 -0.189255 -0.315 -0.0942874 -0.115
0.035 8 -10 -15 1.07834 1.40094 45 -0.192395 -0.315 -0.0949772 -0.115
0.035 8 -10 -15 1.0544 1.99892 45 -0.194177 -0.315 -0.0953634 -0.115
0.035 8 -10 -15 1.25647 1.83911 45 -0.179957 -0.315 -0.092173 -0.115
0.035 8 -10 -15 1.14802 1.63755 45 -0.187362 -0.315 -0.0938657 -0.115
0.035 8 -10 -15 1.24679 1.97278 45 -0.180597 -0.315 -0.0923222 -0.115
0.035 8 -10 -15 1.38568 1.52674 45 -0.171753 -0.315 -0.0902135 -0.115
0.035 8 -10 -15 1.20011 1.89153 45 -0.183742 -0.315 -0.093047 -0.115
0.035 8 -10 -15 1.17623 1.80772 45 -0.185387 -0.315 -0.093421 -0.115
0.035 8 -10 -15 1.03488 1.94933 45 -0.195652 -0.315 -0.0956803 -0.115
0.035 8 -10 -15 1.04303 1.19221 45 -0.195034 -0.315 -0.0955478 -0.115
0.035 8 -10 -15 1.44512 1.34889 45 -0.168186 -0.315 -0.0893322 -0.115
0.035 8 -10 -15 1.01001 1.4577 45 -0.197557 -0.315 -0.0960859 -0.115
0.035 8 -10 -15 1.11914 1.97063 45 -0.189421 -0.315 -0.094324 -0.115
0.035 8 -10 -15 1.42546 1.26667 45 -0.169352 -0.315 -0.0896223 -0.115
0.035 8 -10 -15 1.1876 1.76025 45 -0.184601 -0.315 -0.0932426 -0.115
0.035 8 -10 -15 1.33386 1.53161 45 -0.174967 -0.315 -0.090992 -0.115
0.035 8 -10 -15 1.21882 1.93184 45 -0.182471 -0.315 -0.0927556 -0.115
0.035 8 -10 -15 1.36048 1.28429 45 -0.173304 -0.315 -0.0905909 -0.115
0.035 8 -10 -15 1.31999 1.35405 45 -0.175844 -0.315 -0.0912021 -0.115
0.035 8 -10 -15 1.08299 1.4401 45 -0.192053 -0.315 -0.0949025 -0.115
0.035 8 -10 -15 1.4146 1.33034 45 -0.170002 -0.315 -0.0897831 -0.115
0.035 8 -10 -15 1.44669 1.35036 45 -0.168094 -0.315 -0.0893091 -0.115
0.035 8 -10 -15 1.47823 1.58864 45 -0.166252 -0.315 -0.0888465 -0.115
0.035 8 -10 -15 1.42934 1.43956 45 -0.169121 -0.315 -0.0895649 -0.115
0.035 8 -10 -15 1.19922 1.81477 45 -0.183803 -0.315 -0.093061 -0.115
0.035 8 -10 -15 1.45549 1.48249 45 -0.167576 -0.315 -0.0891797 -0.115
0.035 8 -10 -15 1.47513 1.92013 45 -0.166432 -0.315 -0.088892 -0.115
0.035 8 -10 -15 1.44053 1.64108 45 -0.168457 -0.315 -0.0893997 -0.115
0.035 8 -10 -15 1.3098 1.28106 45 -0.176493 -0.315 -0.0913569 -0.115
0.035 8 -10 -15 1.15373 1.44703 45 -0.186959 -0.315 -0.0937754 -0.115
0.035 8 -10 -15 1.09377 1.27623 45 -0.191261 -0.315 -0.0947295 -0.115
0.035 8 -10 -15 1.20825 1.16961 45 -0.183187 -0.315 -0.0929201 -0.115
0.035 8 -10 -15 1.05159 1.12608 45 -0.194389 -0.315 -0.0954091 -0.115
0.035 8 -10 -15 1.38024 1.98475 45 -0.172086 -0.315 -0.0902948 -0.115
0.035 8 -10 -15 1.34222 1.38319 45 -0.174441 -0.315 -0.0908657 -0.115
0.035 8 -10 -15 1.18433 1.29416 45 -0.184826 -0.315 -0.0932939 -0.115
0.035 8 -10 -15 1.29224 1.24441 45 -0.177621 -0.315 -0.0916243 -0.115
0.035 8 -10 -15 1.36607 1.12547 45 -0.172957 -0.315 -0.0905069 -0.115
0.035 8 -10 -15 1.08205 1.74507 45 -0.192121 -0.315 -0.0949175 -0.115
0.035 8 -10 -15 1.47505 1.05253 45 -0.166436 -0.315 -0.088893 -0.115
0.035 8 -10 -15 1.08811 1.24006 45 -0.191676 -0.315 -0.0948203 -0.115
0.035 8 -10 -15 1.36633 1.65656 45 -0.172942 -0.315 -0.0905031 -0.115
0.035 8 -10 -15 1.31973 1.75973 45 -0.175861 -0.315 -0.091206 -0.115
0.035 8 -10 -15 1.06745 1.52021 45 -0.193202 -0.315 -0.0951526 -0.115
0.035 8 -10 -15 1.03495 1.20466 45 -0.195646 -0.315 -0.095679 -0.115
0.035 8 -10 -15 1.40984 1.57332 45 -0.170288 -0.315 -0.0898537 -0.115
0.035 8 -10 -15 1.02597 1.15781 45 -0.196331 -0.315 -0.0958253 -0.115
0.035 8 -10 -15 1.10216 1.88996 45 -0.190649 -0.315 -0.094595 -0.115
0.035 8 -10 -15 1.4989 1.05406 45 -0.165063 -0.315 -0.0885454 -0.115
0.035 8 -10 -15 1.03616 1.00416 45 -0.195554 -0.315 -0.0956593 -0.115
0.035 8 -10 -15 1.29695 1.18037 45 -0.177318 -0.315 -0.0915526 -0.115
0.035 8 -10 -15 1.19585 1.91303 45 -0.184034 -0.315 -0.0931137 -0.115
0.035 8 -10 -15 1.17955 1.55249 45 -0.185157 -0.315 -0.0933689 -0.115
0.035 8 -10 -15 1.22629 1.68739 45 -0.181968 -0.315 -0.0926396 -0.115
0.035 8 -10 -15 1.2654 1.75729 45 -0.179369 -0.315 -0.0920355 -0.115
0.035 8 -10 -15 1.49611 1.57697 45 -0.165222 -0.315 -0.0885859 -0.115
0.035 8 -10 -15 1.3739 1.62891 45 -0.172475 -0.315 -0.0903895 -0.115
0.035 8 -10 -15 1.3739 1.83324 45 -0.172475 -0.315 -0.0903896 -0.115
0.035 8 -10 -15 1.43664 1.83104 45 -0.168688 -0.315 -0.0894572 -0.115
0.035 8 -10 -15 1.37191 1.90337 45 -0.172598 -0.315 -0.0904195 -0.115
0.035 8 -10 -15 1.33344 1.49726 45 -0.174993 -0.315 -0.0909984 -0.115
0.035 8 -10 -15 1.41501 1.88895 45 -0.169978 -0.315 -0.0897771 -0.115
0.035 8 -10 -15 1.32485 1.24804 45 -0.175536 -0.315 -0.0911283 -0.115
0.035 8 -10 -15 1.11457 1.70062 45 -0.18975 -0.315 -0.0943969 -0.115
0.035 8 -10 -15 1.16439 1.23143 45 -0.186212 -0.315 -0.0936073 -0.115
0.035 8 -10 -15 1.31654 1.22366 45 -0.176064 -0.315 -0.0912545 -0.115
0.035 8 -10 -15 1.25534 1.97147 45 -0.180031 -0.315 -0.0921903 -0.115
0.035 8 -10 -15 1.27305 1.71927 45 -0.178868 -0.315 -0.0919181 -0.115
0.035 8 -10 -15 1.23574 1.59254 45 -0.181334 -0.315 -0.0924931 -0.115
0.035 8 -10 -15 1.22546 1.33635 45 -0.182023 -0.315 -0.0926524 -0.115
0.035 8 -10 -15 1.21726 1.00323 45 -0.182577 -0.315 -0.0927799 -0.115
0.035 8 -10 -15 1.29924 1.83324 45 -0.17717 -0.315 -0.0915176 -0.115
0.035 8 -10 -15 1.33774 1.48295 45 -0.174723 -0.315 -0.0909334 -0.115
0.035 8 -10 -15 1.15248 1.71209 45 -0.187048 -0.315 -0.0937952 -0.115
0.035 8 -10 -15 1.31091 1.04086 45 -0.176422 -0.315 -0.0913399 -0.115
0.035 8 -10 -15 1.34799 1.67394 45 -0.174081 -0.315 -0.0907787 -0.115
0.035 8 -10 -15 1.17356 1.18462 45 -0.185573 -0.315 -0.093463 -0.115
0.035 8 -10 -15 1.31358 1.73073 45 -0.176252 -0.315 -0.0912994 -0.115
0.035 8 -10 -15 1.37022 1.20221 45 -0.172702 -0.315 -0.0904447 -0.115
0.035 8 -10 -15 1.34238 1.65313 45 -0.174432 -0.315 -0.0908634 -0.115
0.035 8 -10 -15 1.26622 1.08764 45 -0.179315 -0.315 -0.092023 -0.115
0.035 8 -10 -15 1.43869 1.68612 45 -0.168566 -0.315 -0.0894269 -0.115
0.035 8 -10 -15 1.05564 1.3616 45 -0.194085 -0.315 -0.0953435 -0.115
0.035 8 -10 -15 1.29661 1.66656 45 -0.17734 -0.315 -0.0915578 -0.115
0.035 8 -10 -15 1.38788 1.28838 45 -0.171619 -0.315 -0.0901806 -0.115
0.035 8 -10 -15 1.09488 1.98436 45 -0.19118 -0.315 -0.0947117 -0.115
0.035 8 -10 -15 1.4137 1.33148 45 -0.170056 -0.315 -0.0897965 -0.115
0.035 8 -10 -15 1.21825 1.95864 45 -0.18251 -0.315 -0.0927644 -0.115
0.035 8 -10 -15 1.38244 1.69908 45 -0.171951 -0.315 -0.0902619 -0.115
0.035 8 -10 -15 1.34289 1.38383 45 -0.174399 -0.315 -0.0908556 -0.115
0.035 8 -10 -15 1.47153 1.91627 45 -0.16664 -0.315 -0.0889446 -0.115
0.035 8 -10 -15 1.10177 1.79366 45 -0.190677 -0.315 -0.0946012 -0.115
